Models:
Audio: resnet18
Video: r2plus1d_18
Early Fusion: resnet18_r2plus1d_18

Parameters:
Batch Size: 5 & Learning Rate: 0.01

---
TRAIN:

Accuracies:
Audio: [0.704, 0.698, 0.7, 0.784, 0.808, 0.746, 0.846, 0.864, 0.862, 0.862, 0.888, 0.892, 0.922, 0.914, 0.954, 0.95, 0.864, 0.864, 0.922, 0.944, 0.912, 0.942, 0.902, 0.936, 0.916, 0.952, 0.948, 0.946, 0.958, 0.974]
Video: [0.848, 0.884, 0.89, 0.926, 0.918, 0.918, 0.94, 0.952, 0.976, 0.954, 0.964, 0.97, 0.988, 0.986, 0.988, 0.992, 0.994, 0.994, 0.984, 0.99, 0.994, 0.998, 1.0, 1.0, 0.996, 0.998, 1.0, 1.0, 1.0, 1.0]
Early Fusion: [0.788, 0.862, 0.896, 0.908, 0.9, 0.924, 0.96, 0.932, 0.958, 0.95, 0.956, 0.948, 0.96, 0.948, 0.978, 0.976, 0.968, 0.976, 0.982, 0.99, 0.992, 0.992, 0.986, 0.988, 0.982, 0.96, 0.988, 1.0, 0.996, 0.992]
Late Fusion: [0.5, 0.588, 0.864, 0.918, 0.906, 0.912, 0.95, 0.942, 0.978, 0.95, 0.976, 0.97, 0.984, 0.988, 0.986, 0.992, 0.99, 0.994, 0.98, 0.996, 0.996, 0.996, 1.0, 1.0, 0.996, 0.998, 1.0, 1.0, 1.0, 1.0]
---

Losses:
Audio: [0.9030808968993369, 1.1871160009529558, 0.8015716061368585, 0.6015234012401197, 0.6702034531347454, 0.7802520129457116, 0.47896103696897624, 0.4277111527975649, 0.40976352534256877, 0.48251820406876506, 0.34113798829726877, 0.3366043115593493, 0.23324537728331052, 0.33064233720186165, 0.17174636878597085, 0.1559239051383338, 0.5855716747767292, 0.4301429581549019, 0.24974247432721314, 0.17767757813009666, 0.25650323451234724, 0.22780734835250768, 0.35788855118652463, 0.22126247066829818, 0.26529628725533255, 0.16146931880455667, 0.1746734655898763, 0.15776915487018414, 0.19470835453930704, 0.06218207275317582]
Video: [0.39358715089503676, 0.41172369620762767, 0.2984665446984582, 0.2505263671127614, 0.24163533395156264, 0.22314566100307276, 0.16959899058827432, 0.15728516195435077, 0.08066612212278415, 0.13855505095329135, 0.08154839353999704, 0.06995491392022814, 0.05548700455387007, 0.03792190316322376, 0.03884477621544647, 0.029017656082232862, 0.022020811672700803, 0.01755257413886284, 0.044263193351398514, 0.0157064675555921, 0.020946439778854256, 0.011279216810326034, 0.003435086110230259, 0.0028203011372170293, 0.018186951950474393, 0.0050782657187210135, 0.0012821413738748789, 0.0018542598380099661, 0.0005519156852233209, 0.0014397100638393568]
Early Fusion: [0.4985275900340639, 0.5752958810359269, 0.3217960314793163, 0.29354119451600125, 0.32589328184723854, 0.27398516281493357, 0.14383238895970862, 0.21105445800538292, 0.1333697399366065, 0.187272435529012, 0.10167981821803551, 0.11867173752558301, 0.11945381595682193, 0.1530520770289877, 0.06632382720003079, 0.07758468176323731, 0.10420801600574123, 0.048713972007171834, 0.05603489302618982, 0.038646579169708276, 0.028151812961818904, 0.018020240849555193, 0.03257118328922843, 0.02718551977160132, 0.04141399926968006, 0.14750078603034125, 0.03456234176850785, 0.012834494818318944, 0.02344719660845726, 0.029643961238416523]
Late Fusion: [0.7063033413887024, 0.6929190224409103, 0.6595576941967011, 0.5867585557699203, 0.5507603400945663, 0.5444181400537491, 0.5323877435922623, 0.5314337480068206, 0.5157451069355011, 0.5268173372745514, 0.5160613065958023, 0.5168695205450058, 0.5110207027196885, 0.5102445977926254, 0.5086710715293884, 0.5071563667058945, 0.507971717119217, 0.5070125412940979, 0.5117983555793763, 0.5053651815652848, 0.5063517999649048, 0.5051090210676193, 0.5033668082952499, 0.5032560831308365, 0.5048910921812058, 0.5039114063978195, 0.5032401001453399, 0.5032308655977249, 0.5032099151611328, 0.5032457280158996]

---
VALIDATION:

Accuracies:
Audio: [0.502, 0.5, 0.868, 0.692, 0.772, 0.832, 0.872, 0.828, 0.614, 0.804, 0.696, 0.814, 0.898, 0.756, 0.702, 0.872, 0.62, 0.576, 0.71, 0.82, 0.84, 0.81, 0.648, 0.7, 0.792, 0.76, 0.72, 0.788, 0.756, 0.708]
Video: [0.888, 0.846, 0.846, 0.944, 0.96, 0.948, 0.798, 0.912, 0.946, 0.916, 0.944, 0.962, 0.918, 0.924, 0.854, 0.842, 0.896, 0.892, 0.904, 0.908, 0.896, 0.884, 0.906, 0.904, 0.954, 0.9, 0.9, 0.904, 0.89, 0.882]
Early Fusion: [0.936, 0.584, 0.924, 0.95, 0.942, 0.964, 0.822, 0.92, 0.948, 0.566, 0.87, 0.93, 0.89, 0.892, 0.876, 0.954, 0.838, 0.924, 0.904, 0.894, 0.902, 0.908, 0.826, 0.818, 0.926, 0.83, 0.928, 0.946, 0.906, 0.816]
Late Fusion: [0.5, 0.562, 0.932, 0.932, 0.966, 0.954, 0.838, 0.93, 0.94, 0.922, 0.926, 0.974, 0.942, 0.932, 0.84, 0.882, 0.894, 0.88, 0.894, 0.91, 0.908, 0.888, 0.906, 0.912, 0.954, 0.892, 0.902, 0.908, 0.892, 0.88]
---

Losses:
Audio: [10.714460056066512, 4.452723669324187, 0.5635005884297652, 0.6111367344856262, 0.4115899695083499, 0.4082892139256, 0.3166429339721799, 0.3629362425021827, 0.6416138188540935, 0.4338728633150458, 0.8668595419637859, 0.5098409265442752, 0.27131808884674685, 0.6400438959174789, 0.9044983930606395, 0.34544999003759586, 0.6414702102541924, 1.033904103860259, 1.063988914717047, 0.568152950234944, 0.3508096463349648, 0.5389195983833633, 0.7257971614599228, 0.8992989696003497, 0.6473576329945354, 0.6009965854627081, 0.7728549342229962, 0.6562737878394546, 0.9203218674822711, 1.061811544795055]
Video: [0.45439945051745556, 0.3707770939730108, 0.43043969398364423, 0.22394788170699031, 0.20808555298484863, 0.18755077063979114, 0.4779995924793184, 0.263785943587136, 0.2117240246095753, 0.32073042494361287, 0.2894989532600448, 0.15671982794803627, 0.23420416819513776, 0.28942947121984164, 0.5041491121471335, 0.4746954318188364, 0.37984285653510597, 0.3988052990903088, 0.3067670053248003, 0.29316256621779757, 0.34977685217163523, 0.41624513759390536, 0.35227901528628536, 0.4057014139162493, 0.29678589426677715, 0.448995276898695, 0.432062483291902, 0.37257422316926747, 0.4202445368430563, 0.4691667675703502]
Early Fusion: [0.625622940653343, 2.1685673804805266, 0.3244338667523698, 0.12890862742366152, 0.1707027624407783, 0.22048307918949375, 0.4454755840741564, 0.25117863345571095, 0.21514365041261044, 1.694392892769538, 0.393977115901198, 0.27408790407506783, 0.3287626630702289, 0.35893339623959036, 0.3723838244780927, 0.14537274802631145, 0.4884486980535439, 0.21315265423876553, 0.27036471661354883, 0.2976361130585428, 0.3385942516438081, 0.2732126287103165, 0.7159920733123363, 0.7459748023460997, 0.2698566108748946, 0.9162578338498497, 0.2858881735369414, 0.2351481461243725, 0.3534069036529195, 0.5693682433781941]
Late Fusion: [0.6913734942674636, 0.6944489204883575, 0.613043487071991, 0.5475614249706269, 0.5257029300928115, 0.528028439283371, 0.5779192703962326, 0.5389269655942917, 0.5314407843351364, 0.5423938179016113, 0.5385759127140045, 0.516991907954216, 0.5324373692274094, 0.5382748222351075, 0.5831971675157547, 0.5589556169509887, 0.5554813385009766, 0.5625353842973709, 0.5526121091842652, 0.544451961517334, 0.5460873299837112, 0.5540716326236725, 0.5496162503957749, 0.5440877747535705, 0.5256062096357346, 0.5548202276229859, 0.5518850719928742, 0.5455604034662247, 0.5550769650936127, 0.5609322798252105]
---