Models:
Audio: resnet34
Video: mc3_18
Early Fusion: resnet34_mc3_18

Parameters:
Batch Size: 5 & Learning Rate: 0.01

---
TRAIN:

Accuracies:
Audio: [0.7, 0.672, 0.54, 0.586, 0.638, 0.686, 0.748, 0.806, 0.796, 0.72, 0.69, 0.796, 0.774, 0.798, 0.78, 0.828, 0.832, 0.84, 0.878, 0.918, 0.906, 0.918, 0.896, 0.936, 0.942, 0.93, 0.946, 0.936, 0.958, 0.932]
Video: [0.872, 0.814, 0.92, 0.936, 0.954, 0.964, 0.952, 0.976, 0.912, 0.942, 0.972, 0.998, 0.972, 0.97, 0.96, 0.978, 0.98, 0.984, 0.986, 0.998, 0.992, 0.99, 0.988, 0.992, 0.998, 0.982, 0.986, 0.992, 0.998, 0.992]
Early Fusion: [0.818, 0.842, 0.872, 0.942, 0.93, 0.952, 0.95, 0.964, 0.948, 0.928, 0.956, 0.978, 0.964, 0.96, 0.956, 0.966, 0.974, 0.99, 0.994, 0.974, 0.978, 0.982, 0.988, 0.994, 0.996, 0.982, 0.996, 0.992, 0.992, 0.996]
Late Fusion: [0.5, 0.5, 0.722, 0.934, 0.948, 0.964, 0.948, 0.972, 0.92, 0.95, 0.964, 0.99, 0.974, 0.968, 0.954, 0.968, 0.978, 0.98, 0.986, 0.996, 0.996, 0.994, 0.99, 0.996, 0.996, 0.982, 0.99, 0.992, 0.998, 0.994]
---

Losses:
Audio: [0.7882737622410059, 0.9353638588637113, 1.1254036597907544, 0.8822820592671633, 0.8648759216815233, 0.6630227122828365, 0.5917944944649934, 0.4276683020591736, 0.5354940997436642, 0.6413065397553146, 0.6818105889856816, 0.5020892151352018, 0.5307708054408431, 0.4869551819935441, 0.5579765783064068, 0.47425706677138807, 0.43134808776900174, 0.4249203927069902, 0.30377199133858085, 0.2375767044397071, 0.2795375200174749, 0.23547626923769713, 0.25281421687221156, 0.20967325812671334, 0.16437442430527882, 0.19932868887321092, 0.15219288639447767, 0.1407426771178143, 0.10585280553437769, 0.18870997100835665]
Video: [0.2891244690772146, 0.542735661091283, 0.22457795174792408, 0.21285919488058425, 0.13922813141020016, 0.13636037303076592, 0.139901414210035, 0.08218937895129784, 0.23069189217996608, 0.2052143883876852, 0.10817034116596914, 0.03744741605769377, 0.07699010156946315, 0.12733682424775908, 0.13608597862621535, 0.08184940769715468, 0.06012394365250657, 0.05348180516812136, 0.04558197499898597, 0.01510353902602219, 0.02631486242855317, 0.02412117865318578, 0.03507636705689947, 0.02014812028135566, 0.010890300302271498, 0.05605476386221198, 0.03587683085488606, 0.025283303623837128, 0.013142064187850338, 0.021149364452357985]
Early Fusion: [0.3985612543299794, 0.5414492305397289, 0.3802818884985754, 0.20710149519669357, 0.16061398262245347, 0.13572028100534225, 0.1564347733819159, 0.0933566582041385, 0.19016526950654225, 0.23327615526563023, 0.15174511827339301, 0.06633356876987818, 0.11922486398987531, 0.15925612932671357, 0.14568864291446515, 0.11521911795280175, 0.08611678378802026, 0.047824861439075904, 0.02615034729235049, 0.06687945408580162, 0.07321908740915205, 0.04777279047984848, 0.037048823271779836, 0.01692235046350106, 0.013403222128436027, 0.04342856108516571, 0.020044273067223912, 0.020069736229288537, 0.01855799622466293, 0.018038191577870746]
Late Fusion: [0.7085310131311416, 0.6831745529174804, 0.6388929104804992, 0.6191438281536102, 0.6014454907178879, 0.5865811431407928, 0.5831376391649247, 0.568067638874054, 0.5812056052684784, 0.5680230617523193, 0.5571330070495606, 0.5418850809335709, 0.5457984203100205, 0.5454016530513763, 0.5482976186275482, 0.5385324060916901, 0.5338676625490189, 0.5318569904565811, 0.5280149590969085, 0.5219402801990509, 0.5217593044042588, 0.5213047885894775, 0.5223097324371337, 0.5184505093097687, 0.5167501378059387, 0.5229154425859451, 0.5200572079420089, 0.5175577402114868, 0.5146429812908173, 0.5158371394872665]

---
VALIDATION:

Accuracies:
Audio: [0.5, 0.582, 0.502, 0.622, 0.5, 0.612, 0.746, 0.612, 0.742, 0.73, 0.724, 0.602, 0.718, 0.686, 0.636, 0.648, 0.646, 0.826, 0.578, 0.738, 0.868, 0.582, 0.662, 0.73, 0.712, 0.862, 0.786, 0.664, 0.782, 0.576]
Video: [0.702, 0.922, 0.928, 0.95, 0.962, 0.726, 0.876, 0.93, 0.838, 0.596, 0.912, 0.916, 0.912, 0.924, 0.904, 0.942, 0.828, 0.95, 0.852, 0.866, 0.87, 0.898, 0.954, 0.734, 0.89, 0.792, 0.926, 0.728, 0.8, 0.51]
Early Fusion: [0.66, 0.948, 0.94, 0.866, 0.944, 0.762, 0.956, 0.762, 0.95, 0.732, 0.92, 0.938, 0.924, 0.956, 0.956, 0.92, 0.922, 0.94, 0.636, 0.868, 0.942, 0.948, 0.88, 0.798, 0.868, 0.916, 0.886, 0.77, 0.782, 0.78]
Late Fusion: [0.5, 0.5, 0.928, 0.948, 0.962, 0.698, 0.86, 0.924, 0.814, 0.58, 0.91, 0.9, 0.912, 0.918, 0.89, 0.92, 0.804, 0.954, 0.792, 0.838, 0.878, 0.878, 0.944, 0.7, 0.86, 0.78, 0.92, 0.702, 0.792, 0.502]
---

Losses:
Audio: [2.3415960028395055, 0.7544870675820857, 2.330685556028038, 1.3143387320637703, 1.2020329828560352, 0.7049007442593574, 0.5216523161530495, 0.921424595452845, 2.974857766330242, 0.5335426288843155, 0.5956838212907314, 1.030870739594102, 0.6173993717133999, 0.591389669328928, 0.6663774544745684, 0.6873846124857664, 0.7947729022055864, 0.6452952296042349, 1.4038707421533763, 0.7302708581835031, 0.44579028385225683, 1.497646077014506, 1.1447427447512746, 0.9810364620760084, 1.1514810604555532, 0.3692451453208923, 0.5297073722770438, 1.1486669849418103, 0.645008740312187, 1.546753214970231]
Video: [1.1372369586210698, 0.23954195957747287, 0.20575706988427556, 0.18014145379886032, 0.1713654908028352, 0.6648155143129406, 0.32062589373323136, 0.2859721059187723, 0.9116432535569172, 1.0105824598282924, 0.2216917269444093, 0.274521503153228, 0.45005711905978385, 0.1942265719268471, 0.3534021771030166, 0.16713587726466358, 0.5288446984952315, 0.13578485826408723, 0.4733632810925337, 0.43826461708609715, 0.355650028357486, 0.2688222269146354, 0.21072512777780047, 0.7377357548492728, 0.3746901141882699, 0.7000992734695319, 0.30491507515791455, 0.7183690681913868, 0.5301609769579955, 2.8528816331860436]
Early Fusion: [1.261933740396198, 0.17964594118515834, 0.19821200475096704, 0.3472278688987717, 0.2090666692979221, 0.6542658594297245, 0.11392000363877741, 1.0797786976007502, 0.14430380562454956, 1.0051809578567679, 0.27854383692843837, 0.16763294289150507, 0.18580800064781214, 0.10564471605699509, 0.10474996922945139, 0.1994365349202417, 0.22192085135844536, 0.136857144957321, 1.8320366002523223, 0.5026859612092085, 0.20889298656464234, 0.1764111042121658, 0.4224472020344547, 0.6932902844720229, 0.44827656463450694, 0.20451819580455777, 0.4143035200898703, 0.836267322123872, 0.72749077463719, 0.8336512999799015]
Late Fusion: [0.7097923588752747, 0.6611522674560547, 0.627946994304657, 0.6054224121570587, 0.5916526961326599, 0.657439386844635, 0.612735596895218, 0.5834375703334809, 0.6189750784635544, 0.6934162330627441, 0.5761880713701248, 0.5771606230735778, 0.567213442325592, 0.5648925065994262, 0.575311803817749, 0.559535042643547, 0.6059752851724625, 0.5417165589332581, 0.6105132949352264, 0.5885119330883026, 0.5691236138343811, 0.5724111938476563, 0.5408588701486587, 0.6470366591215133, 0.5767565280199051, 0.6145764487981796, 0.5501818782091141, 0.6490519046783447, 0.6091575944423675, 0.7436028838157653]
---