Models:
Audio: resnet18
Video: r2plus1d_18
Early Fusion: resnet18_r2plus1d_18

Parameters:
Batch Size: 7 & Learning Rate: 0.001

---
TRAIN:

Accuracies:
Audio: [0.776, 0.868, 0.958, 0.952, 0.97, 0.978, 0.97, 0.962, 0.972, 0.976, 0.948, 0.962, 0.976, 0.972, 0.984, 0.988, 0.982, 0.992, 0.99, 0.97, 0.964, 0.988, 0.984, 0.982, 0.964, 0.978, 0.974, 0.976, 0.976, 0.996]
Video: [0.764, 0.892, 0.974, 0.962, 0.97, 0.98, 0.974, 0.982, 0.982, 0.98, 0.968, 0.97, 0.99, 0.984, 0.99, 0.988, 0.992, 0.994, 0.998, 0.992, 0.972, 0.99, 0.992, 0.98, 0.968, 0.992, 0.982, 0.974, 0.976, 1.0]
Early Fusion: [0.748, 0.872, 0.968, 0.96, 0.978, 0.978, 0.98, 0.982, 0.968, 0.982, 0.958, 0.972, 0.978, 0.976, 0.988, 0.986, 0.98, 0.988, 0.994, 0.98, 0.96, 0.986, 0.996, 0.988, 0.968, 0.988, 0.982, 0.972, 0.974, 0.998]
Late Fusion: [0.5, 0.5, 0.5, 0.5, 0.5, 0.5, 0.5, 0.5, 0.5, 0.5, 0.5, 0.5, 0.5, 0.5, 0.5, 0.5, 0.5, 0.5, 0.5, 0.5, 0.5, 0.5, 0.5, 0.5, 0.5, 0.5, 0.5, 0.724, 0.978, 0.994]
---

Losses:
Audio: [0.4731831640005112, 0.30824298878759143, 0.14243587784282863, 0.14399614591524004, 0.09953525275364518, 0.07491435276903212, 0.10220710040582344, 0.09460707657341845, 0.08279150082659907, 0.06895694314152934, 0.13989117784274277, 0.11259170687478036, 0.07493826191814151, 0.10004074808000588, 0.05458243179152487, 0.03663648135634139, 0.04539844819664722, 0.049966577127110216, 0.03557890489057172, 0.10561222420405829, 0.10185848102055024, 0.04275947436201386, 0.04635649109008955, 0.06880898078950122, 0.11375038203061558, 0.05888875518896384, 0.07558095503447111, 0.08518840751837706, 0.07412465191679075, 0.015382415870320984]
Video: [0.49862846249341963, 0.28100153025239705, 0.11400096834078431, 0.13643010063283145, 0.08728277956601233, 0.07287276546703651, 0.06500642505148425, 0.07188319202838465, 0.07349704761151224, 0.0644981433977373, 0.08544879087083973, 0.06722187891043722, 0.03824442226509563, 0.04900381899019703, 0.035899090071441604, 0.03563000786595512, 0.03229592264944222, 0.028643975394195876, 0.01804841772036161, 0.05562980672961566, 0.0912538245464093, 0.03632293665746693, 0.02408938074822072, 0.04318991870660102, 0.0792325320522068, 0.03932180359587073, 0.05413152545667253, 0.05570540625875583, 0.061634008514287415, 0.013860437377588823]
Early Fusion: [0.5378846060931682, 0.32971310417354105, 0.1483678935840726, 0.14016771557182073, 0.0915755409244448, 0.08474122372921557, 0.0807443148707971, 0.08072462966572494, 0.07508934919768945, 0.05762410708703101, 0.0945839991455432, 0.06930728238075971, 0.06038651719735935, 0.062357220557751135, 0.040014796929433945, 0.042994546090252696, 0.04950790154829156, 0.0292634424258722, 0.020443545326823367, 0.060160971482575404, 0.08869007379584946, 0.0368015290935291, 0.027845447061117738, 0.044204684057622214, 0.09174078315700171, 0.039641306013741995, 0.05274159641005099, 0.06139597616120591, 0.06546337363065687, 0.015087189528043382]
Late Fusion: [0.7313692607879638, 0.7312111477851868, 0.7307427688837052, 0.7295575824975967, 0.727860582947731, 0.7248484737873078, 0.7224527604579926, 0.7190395880937577, 0.7137032622098922, 0.7060732609033584, 0.7008133262395859, 0.6961434522867203, 0.684831498503685, 0.6763761101961135, 0.6680128549337387, 0.6596884427070617, 0.6528048187494278, 0.6476722028255463, 0.6426438233852386, 0.6404377415180206, 0.6371364760398864, 0.6313178981542588, 0.6288605220317841, 0.6295922697782517, 0.6298425879478454, 0.6234831645488739, 0.6273082711696625, 0.6215886659622193, 0.622607228398323, 0.6141931161880493]

---
VALIDATION:

Accuracies:
Audio: [0.868, 0.85, 0.892, 0.69, 0.822, 0.85, 0.848, 0.796, 0.866, 0.786, 0.602, 0.894, 0.816, 0.764, 0.69, 0.868, 0.742, 0.89, 0.882, 0.78, 0.906, 0.738, 0.836, 0.886, 0.822, 0.658, 0.856, 0.836, 0.834, 0.844]
Video: [0.97, 0.97, 0.968, 0.958, 0.948, 0.956, 0.952, 0.964, 0.966, 0.916, 0.954, 0.968, 0.96, 0.952, 0.956, 0.962, 0.964, 0.962, 0.964, 0.952, 0.93, 0.96, 0.96, 0.96, 0.94, 0.87, 0.964, 0.934, 0.938, 0.96]
Early Fusion: [0.928, 0.974, 0.972, 0.948, 0.964, 0.972, 0.962, 0.926, 0.968, 0.974, 0.734, 0.972, 0.89, 0.91, 0.958, 0.916, 0.906, 0.98, 0.966, 0.844, 0.972, 0.932, 0.97, 0.908, 0.966, 0.958, 0.972, 0.948, 0.952, 0.936]
Late Fusion: [0.5, 0.5, 0.5, 0.5, 0.5, 0.5, 0.5, 0.5, 0.5, 0.5, 0.5, 0.5, 0.5, 0.5, 0.5, 0.5, 0.5, 0.5, 0.5, 0.5, 0.5, 0.5, 0.5, 0.5, 0.5, 0.5, 0.5, 0.868, 0.91, 0.924]
---

Losses:
Audio: [0.3893241208791733, 0.35275378616154196, 0.2525310818646103, 0.808709185667336, 0.40104089324269443, 0.30390375627204774, 0.3159666411895305, 0.5908565926421434, 0.2825113188959658, 0.7633860090351664, 1.4317964237742127, 0.27257922358624637, 0.4353134621605277, 0.590170970879728, 0.978242529515177, 0.36489380249893294, 0.7240697836454492, 0.2766268074540421, 0.3579529358353466, 0.6408138239635155, 0.23283023555018006, 0.7699462664308958, 0.44116118643956725, 0.27632054396532474, 0.48287189845193645, 1.3941044083498417, 0.3462675746510504, 0.6768178636792581, 0.4574496070863679, 0.43470726760849354]
Video: [0.20844417031109333, 0.10314695581234992, 0.0901988710546866, 0.10203087327908725, 0.1292670483905822, 0.11019729366688989, 0.13892650333466008, 0.08561174454705905, 0.09952715650072787, 0.2351445562345907, 0.13686088668438606, 0.08545915304240771, 0.1299624317251146, 0.12101994930929505, 0.11230885826377199, 0.08902996371057816, 0.08159255087049679, 0.09492618454550393, 0.10015294511686079, 0.12430048076435923, 0.1771253995265579, 0.12182449153542985, 0.11211048622819363, 0.10993050107639282, 0.15026013538311236, 0.3931408480326645, 0.10140222711110254, 0.18110337797313697, 0.15475109778653132, 0.1056658492325223]
Early Fusion: [0.3493429038226604, 0.16278976161777972, 0.14907644671201706, 0.16658852576464414, 0.1431326184310019, 0.10749508847296238, 0.12712604763172566, 0.17846992728312033, 0.12141838982841, 0.11737904174439609, 0.5104430859908462, 0.08098526424495503, 0.2507535053114407, 0.22004753045411782, 0.13945567996706815, 0.20816461919818538, 0.2537759008156136, 0.06704958808817901, 0.12146030491497367, 0.36641058066813276, 0.07193171901558526, 0.20278657471432235, 0.10815168551634997, 0.2110357404272072, 0.11587898112181574, 0.13038884213240817, 0.10136656248022337, 0.13476456465956288, 0.14125911654380616, 0.17243534935929347]
Late Fusion: [0.7311492536067963, 0.7309720232486725, 0.7300550128221512, 0.7304383980035782, 0.72885473549366, 0.7261928315162659, 0.7258231595754624, 0.7255092134475708, 0.7162518941164017, 0.7180617051124573, 0.724938613653183, 0.7014003957509994, 0.7058249608278274, 0.7073589299917221, 0.7104100437164307, 0.6793220399618148, 0.7002532153129578, 0.6709895560741425, 0.6631486361026764, 0.6878182747364044, 0.6562956442832947, 0.6817608958482743, 0.6580671417713165, 0.6529822483062744, 0.6598729821443557, 0.697770786523819, 0.6501025400161743, 0.6579445633888245, 0.6542497349977493, 0.6458673595190049]
---