Models:
Audio: resnet34
Video: mc3_18
Early Fusion: resnet34_mc3_18

Parameters:
Batch Size: 5 & Learning Rate: 0.001

---
TRAIN:

Accuracies:
Audio: [0.78, 0.914, 0.904, 0.914, 0.934, 0.958, 0.968, 0.962, 0.92, 0.954, 0.99, 0.96, 0.968, 0.97, 0.966, 0.942, 0.98, 0.948, 0.984, 0.976, 0.972, 0.964, 0.974, 0.98, 0.974, 0.946, 0.942, 0.98, 0.982, 0.97]
Video: [0.76, 0.89, 0.93, 0.94, 0.936, 0.972, 0.97, 0.976, 0.944, 0.948, 0.982, 0.97, 0.962, 0.97, 0.97, 0.95, 0.982, 0.968, 0.976, 0.976, 0.968, 0.966, 0.97, 0.996, 0.976, 0.954, 0.962, 0.978, 0.97, 0.972]
Early Fusion: [0.744, 0.904, 0.916, 0.928, 0.946, 0.97, 0.958, 0.984, 0.936, 0.944, 0.986, 0.962, 0.972, 0.98, 0.972, 0.956, 0.982, 0.966, 0.978, 0.98, 0.97, 0.952, 0.966, 0.986, 0.964, 0.952, 0.946, 0.976, 0.978, 0.966]
Late Fusion: [0.328, 0.3, 0.456, 0.72, 0.946, 0.966, 0.966, 0.978, 0.944, 0.96, 0.998, 0.974, 0.968, 0.974, 0.974, 0.944, 0.994, 0.962, 0.98, 0.984, 0.97, 0.97, 0.982, 0.998, 0.972, 0.96, 0.946, 0.982, 0.976, 0.972]
---

Losses:
Audio: [0.466582755446434, 0.22531602511182428, 0.23229584109969437, 0.24249660707078874, 0.18665972717339174, 0.12111352742183953, 0.13524826374137774, 0.11530357980343979, 0.20780604417668655, 0.16122275622794405, 0.05837137326830998, 0.11267134300956969, 0.11319326520664617, 0.08468629015958867, 0.08541213716729544, 0.13539411178266164, 0.05574880647473037, 0.11388947113096946, 0.05170248665905092, 0.0681593401246937, 0.08352900072350167, 0.10021957730234135, 0.07699658997240476, 0.04420905675506219, 0.08073983346417662, 0.12018582453543786, 0.11966346973233158, 0.0571289642775082, 0.05386989900143817, 0.06503811553498963]
Video: [0.5434239889681339, 0.2567001660913229, 0.20661576442420482, 0.16599672061391174, 0.14445249907206745, 0.10822772140614688, 0.10865912058157846, 0.08097026012139395, 0.15536744411918335, 0.1291733200964518, 0.04550018900772557, 0.09746118609560654, 0.08509736078442075, 0.09063741829188075, 0.07911317202146165, 0.13754427120729815, 0.060154827531659974, 0.09066339126497042, 0.06044248586404137, 0.05536317119607702, 0.08646008293842897, 0.0814958988543367, 0.07689259874590788, 0.0299646438183845, 0.08158340355585096, 0.13136334789684043, 0.09467347856756532, 0.05682032146782148, 0.0716318223736016, 0.06988594464259222]
Early Fusion: [0.5406697246432305, 0.2626004164107144, 0.2133272451348603, 0.1921084638312459, 0.14807530682068318, 0.111683304393664, 0.11335440348600968, 0.07222481937962584, 0.1820339578646235, 0.13553411818109454, 0.05416623210068792, 0.11565890160389244, 0.08727022752980701, 0.0785157324699685, 0.0790035851241555, 0.1334469050494954, 0.05642244568269234, 0.0883572081188322, 0.05339654689014424, 0.053911721479089465, 0.08184642659092788, 0.09390650031273254, 0.08152187527855859, 0.03914498981903307, 0.09163644663014565, 0.14315974271914456, 0.12245913973310962, 0.06269703888188814, 0.06580271761806217, 0.08065486171573866]
Late Fusion: [0.7356207805871964, 0.7443940532207489, 0.7250916224718094, 0.7018725109100342, 0.6684066367149353, 0.6418463838100433, 0.6257059723138809, 0.6134814327955246, 0.6194808566570282, 0.612226927280426, 0.5987343579530716, 0.6020232379436493, 0.5986822229623795, 0.5965741407871247, 0.5946804583072662, 0.5996384292840957, 0.5862330305576324, 0.5938097834587097, 0.5868334972858429, 0.5841476726531982, 0.5855942916870117, 0.5870088994503021, 0.5816354089975357, 0.5750612646341324, 0.580689417719841, 0.5849498844146729, 0.5835859107971192, 0.5728924554586411, 0.575184810757637, 0.5749147373437882]

---
VALIDATION:

Accuracies:
Audio: [0.9, 0.608, 0.81, 0.634, 0.588, 0.686, 0.82, 0.866, 0.868, 0.752, 0.814, 0.83, 0.714, 0.832, 0.722, 0.672, 0.638, 0.706, 0.67, 0.598, 0.684, 0.746, 0.624, 0.688, 0.64, 0.804, 0.676, 0.672, 0.688, 0.698]
Video: [0.976, 0.972, 0.97, 0.964, 0.962, 0.952, 0.962, 0.962, 0.962, 0.962, 0.962, 0.966, 0.968, 0.966, 0.952, 0.922, 0.954, 0.948, 0.934, 0.934, 0.97, 0.97, 0.926, 0.962, 0.958, 0.944, 0.966, 0.928, 0.96, 0.954]
Early Fusion: [0.812, 0.6, 0.904, 0.94, 0.93, 0.89, 0.914, 0.926, 0.952, 0.808, 0.876, 0.966, 0.942, 0.962, 0.926, 0.97, 0.946, 0.976, 0.924, 0.888, 0.962, 0.978, 0.868, 0.912, 0.95, 0.944, 0.95, 0.962, 0.926, 0.924]
Late Fusion: [0.048, 0.206, 0.346, 0.64, 0.686, 0.754, 0.95, 0.962, 0.96, 0.944, 0.946, 0.974, 0.926, 0.968, 0.898, 0.808, 0.828, 0.9, 0.846, 0.766, 0.972, 0.96, 0.736, 0.874, 0.842, 0.918, 0.908, 0.838, 0.902, 0.912]
---

Losses:
Audio: [0.2963842129334807, 1.2347449547157157, 0.40535682955756785, 0.7964709101989865, 1.0638723666965961, 1.1251824699240387, 0.432434554155916, 0.304313271115534, 0.2867957693780772, 0.47561263682320715, 0.4001005121076014, 0.40662786514498295, 0.6941527892928571, 0.37448506793472913, 0.8072968046095775, 1.022996654305607, 1.2935070982563048, 0.6778988752234727, 0.9095106769667473, 1.4702998405502148, 0.7593198311619926, 0.543174535202561, 1.5530034459687432, 1.1180141652235762, 1.4220263364997663, 0.5281991220399505, 0.9274832301180868, 1.0473990967159625, 0.9341331498476211, 0.9234664613730275]
Video: [0.2331576405465603, 0.15135996549623087, 0.0877671180292964, 0.11089938445715233, 0.11368460465600946, 0.1138971162616508, 0.10912324893753976, 0.10225108743830788, 0.10582825171775767, 0.10534692791756242, 0.10972483010031282, 0.1158450822692248, 0.09434928045229754, 0.09069256366114133, 0.11243523475131952, 0.19300123628694565, 0.11223512496930198, 0.13381603251153137, 0.18210511212571873, 0.22237830516009127, 0.11663210989507206, 0.09263947954837931, 0.19579478795075375, 0.12174466874355858, 0.12611745979355873, 0.14326333209988662, 0.09492402177362237, 0.23458691445281146, 0.10549718044581823, 0.12815305969879773]
Early Fusion: [0.3783558303117752, 0.6852872467413544, 0.22961633866652847, 0.17613502385094762, 0.18670385702047498, 0.23346595628128852, 0.18733733403496444, 0.19338766077067704, 0.16991928328759967, 0.46531241496209985, 0.2787439118302427, 0.10155747657991014, 0.15864714512834324, 0.10723122475668788, 0.16768035957764368, 0.10609762031584978, 0.1578854356345255, 0.08820306134293787, 0.1928572388433304, 0.3035702395383851, 0.13678887779824436, 0.07668830938404426, 0.3031430988691395, 0.25734342095602186, 0.17144797843726337, 0.14886875304800923, 0.1633810366911348, 0.10320886713918298, 0.20424809892960183, 0.2530543104679964]
Late Fusion: [0.7489290046691894, 0.7560150855779648, 0.724315675497055, 0.7179307216405868, 0.7033748108148575, 0.6848305660486221, 0.6397435879707336, 0.6297246742248536, 0.6264734536409378, 0.6338551992177963, 0.6217964321374894, 0.6083524423837662, 0.6226057368516922, 0.6059006488323212, 0.6241578555107117, 0.651553419828415, 0.6450507062673568, 0.6255653202533722, 0.6376585483551025, 0.657660728096962, 0.5895553290843963, 0.5957037514448166, 0.6661492282152176, 0.6207687664031982, 0.6290442490577698, 0.6029408460855484, 0.6047582453489304, 0.6257759803533554, 0.6051502352952958, 0.6041072130203247]
---