Models:
Audio: resnet18
Video: r2plus1d_18
Early Fusion: resnet18_r2plus1d_18

Parameters:
Batch Size: 5 & Learning Rate: 0.001

---
TRAIN:

Accuracies:
Audio: [0.798, 0.874, 0.896, 0.922, 0.944, 0.934, 0.93, 0.92, 0.97, 0.952, 0.96, 0.934, 0.968, 0.96, 0.948, 0.97, 0.946, 0.954, 0.968, 0.93, 0.962, 0.966, 0.98, 0.974, 0.946, 0.96, 0.988, 0.968, 0.956, 0.976]
Video: [0.812, 0.898, 0.9, 0.94, 0.972, 0.946, 0.968, 0.952, 0.974, 0.964, 0.976, 0.954, 0.98, 0.958, 0.95, 0.966, 0.952, 0.962, 0.968, 0.938, 0.95, 0.966, 0.978, 0.982, 0.946, 0.968, 0.982, 0.974, 0.958, 0.978]
Early Fusion: [0.784, 0.88, 0.914, 0.94, 0.954, 0.93, 0.958, 0.952, 0.972, 0.964, 0.97, 0.958, 0.972, 0.968, 0.94, 0.97, 0.964, 0.96, 0.972, 0.944, 0.956, 0.964, 0.982, 0.976, 0.942, 0.972, 0.984, 0.976, 0.956, 0.974]
Late Fusion: [0.536, 0.74, 0.864, 0.916, 0.952, 0.932, 0.948, 0.946, 0.982, 0.964, 0.972, 0.958, 0.974, 0.962, 0.954, 0.968, 0.954, 0.97, 0.976, 0.942, 0.966, 0.972, 0.986, 0.978, 0.95, 0.974, 0.984, 0.972, 0.952, 0.982]
---

Losses:
Audio: [0.44389752581715586, 0.3259677908197045, 0.26576479690149424, 0.23625526055227966, 0.16772619124501945, 0.20275424754712731, 0.19565566964447498, 0.19989410762209445, 0.09839256678591482, 0.13690454552997836, 0.09777794654190075, 0.18325302580487915, 0.0843194017134374, 0.12543263513303826, 0.16087449826300143, 0.08827730195014738, 0.13256487462494987, 0.12487793197273277, 0.10921221852535382, 0.16640353346418124, 0.10996052256552502, 0.08767721073440043, 0.061906565087847414, 0.09176331941271201, 0.13653400675568264, 0.10569261529715732, 0.047421913665602916, 0.07227052259229821, 0.12493724424100947, 0.06468919538980117]
Video: [0.44684213906526565, 0.2689567828550935, 0.22161349160131066, 0.16399361024610698, 0.10028117067180574, 0.16560581204248592, 0.10116636866237969, 0.12989529594313354, 0.07483973628026433, 0.10514037912536878, 0.08860522946342826, 0.11780765628325753, 0.06992551536881365, 0.09897097329376266, 0.12990260972001125, 0.07818716652691364, 0.09997412422904745, 0.07839942173974122, 0.08147463605506346, 0.1429821237717988, 0.10640109384665265, 0.08645236573531292, 0.06881852973630885, 0.06128960900765378, 0.12137224299629451, 0.07383952564909123, 0.05024387585755903, 0.06432948681525887, 0.08591235904372298, 0.06865452806057874]
Early Fusion: [0.4931491097807884, 0.321378692612052, 0.2362081279233098, 0.1687532501341775, 0.12297266364097595, 0.17036897795274852, 0.12100674541434273, 0.13821546126855538, 0.0797601256542839, 0.09567077610176057, 0.08602935945964418, 0.10356740041053854, 0.07640396370028611, 0.08528079146752134, 0.1414262952658464, 0.08536372104019392, 0.1022889409342315, 0.10130628893180983, 0.07687780544161797, 0.14626702257315627, 0.09798602269147523, 0.08886145059776027, 0.054110873778117824, 0.07686554958083434, 0.12342490333539899, 0.08426658772921655, 0.04236255142837763, 0.06384471708384808, 0.10196747300811694, 0.060931230836285974]
Late Fusion: [0.7199712413549423, 0.7141788238286972, 0.7021510189771653, 0.6858830463886261, 0.6602804189920426, 0.6486929833889008, 0.6265765637159347, 0.6096499210596085, 0.5776942789554596, 0.5666667377948761, 0.5505609959363937, 0.5520319312810897, 0.5340116858482361, 0.5374759656190872, 0.5397006624937057, 0.5272869783639907, 0.5317543083429337, 0.5269454097747803, 0.5224295747280121, 0.5344870787858963, 0.5260952365398407, 0.5227826970815659, 0.51505126953125, 0.5168395990133285, 0.5287995797395706, 0.51972825050354, 0.513308932185173, 0.5172069877386093, 0.5257514029741287, 0.5158660566806793]

---
VALIDATION:

Accuracies:
Audio: [0.724, 0.846, 0.76, 0.794, 0.572, 0.668, 0.65, 0.656, 0.796, 0.706, 0.836, 0.688, 0.648, 0.71, 0.658, 0.908, 0.882, 0.78, 0.81, 0.858, 0.828, 0.73, 0.796, 0.884, 0.664, 0.866, 0.624, 0.826, 0.714, 0.68]
Video: [0.984, 0.972, 0.968, 0.962, 0.964, 0.946, 0.954, 0.948, 0.954, 0.934, 0.944, 0.95, 0.944, 0.912, 0.94, 0.966, 0.966, 0.95, 0.946, 0.962, 0.938, 0.958, 0.912, 0.95, 0.934, 0.936, 0.96, 0.936, 0.95, 0.948]
Early Fusion: [0.912, 0.946, 0.976, 0.874, 0.976, 0.854, 0.932, 0.904, 0.952, 0.948, 0.954, 0.802, 0.826, 0.936, 0.8, 0.976, 0.972, 0.94, 0.934, 0.972, 0.946, 0.97, 0.826, 0.97, 0.924, 0.91, 0.964, 0.954, 0.912, 0.968]
Late Fusion: [0.5, 0.746, 0.686, 0.888, 0.576, 0.674, 0.68, 0.696, 0.848, 0.754, 0.958, 0.758, 0.69, 0.746, 0.704, 0.964, 0.964, 0.83, 0.888, 0.97, 0.89, 0.862, 0.84, 0.968, 0.734, 0.934, 0.746, 0.882, 0.794, 0.78]
---

Losses:
Audio: [0.5290178045257926, 0.38421830035746096, 0.4716487381979823, 0.5141939660627395, 1.87208199592249, 0.9330448308656923, 0.9169295811420306, 0.8951571709988638, 0.4951731493789703, 1.0464651898434385, 0.44478283723816275, 0.9599033700913424, 1.2374467975925654, 0.6878485065020504, 1.0803373409720372, 0.22716577705461533, 0.2625433398038149, 0.622512494676048, 0.4682688195613446, 0.36353368980111556, 0.4110350767918862, 0.7556933403736912, 0.5508283962286078, 0.33743135846219957, 1.0706651227529982, 0.2692919271043502, 1.349529718188569, 0.41062995911110195, 0.6890383875681436, 1.092916534731048]
Video: [0.1512797255627811, 0.13147104212082922, 0.08602854010416194, 0.09942441373597831, 0.08929733629687689, 0.14426922139828094, 0.11782100998330862, 0.15504937234101818, 0.13154465190484188, 0.17061973154195584, 0.14496633242612006, 0.1391743005310127, 0.1742700799542945, 0.2487853811890818, 0.16686231390342754, 0.0929984893987421, 0.08465260487631894, 0.1744385399064049, 0.14629523642375716, 0.09403194841142977, 0.13868083355366254, 0.12062401344886893, 0.2141889639358851, 0.13969640438328498, 0.20810116488079075, 0.15873398274183273, 0.13431510012504078, 0.17356059516139793, 0.1411069385969313, 0.12695916228703935]
Early Fusion: [0.3049308256804943, 0.2075690871849656, 0.14207381730899216, 0.26009993481216953, 0.10258045942056924, 0.30970950166753025, 0.1715918639342999, 0.2178317158028949, 0.12489385413122363, 0.1543223290046444, 0.1346908192889532, 0.556264032795807, 0.4612396973365685, 0.17750144194302264, 0.4987203045078968, 0.07687192334211432, 0.09003346488345415, 0.17108685543644242, 0.19999836757342565, 0.10323173820501325, 0.16884717313136208, 0.09444518553689704, 0.4166447357744255, 0.09426620891841594, 0.17906177670622128, 0.2218287857924588, 0.10848077808812377, 0.12265704000397819, 0.24305226289565326, 0.10226180099649355]
Late Fusion: [0.7204752016067505, 0.7109254914522171, 0.7107173186540604, 0.6683275336027146, 0.7017258876562118, 0.6782635366916656, 0.6600666213035583, 0.6455933117866516, 0.6053555434942246, 0.6153605288267135, 0.561044836640358, 0.6003866875171662, 0.6103118973970413, 0.6013985562324524, 0.5997313809394836, 0.5356560152769089, 0.5353816020488739, 0.5701712214946747, 0.5543960094451904, 0.5294141125679016, 0.5564870154857635, 0.5581647318601608, 0.5700207203626633, 0.5212341034412384, 0.6020500463247299, 0.5398172956705093, 0.5886448287963867, 0.5578740787506103, 0.5766577571630478, 0.5824823302030563]
---