Models:
Audio: resnet34
Video: mc3_18
Early Fusion: resnet34_mc3_18

Parameters:
Batch Size: 7 & Learning Rate: 0.001

---
TRAIN:

Accuracies:
Audio: [0.788, 0.918, 0.956, 0.964, 0.952, 0.976, 0.968, 0.966, 0.976, 0.984, 0.968, 0.966, 0.97, 0.978, 0.978, 0.964, 0.974, 0.986, 0.96, 0.984, 0.99, 0.996, 0.972, 0.99, 0.968, 0.996, 0.994, 0.998, 0.986, 0.986]
Video: [0.764, 0.908, 0.948, 0.958, 0.962, 0.972, 0.986, 0.972, 0.988, 0.988, 0.972, 0.976, 0.978, 0.994, 0.98, 0.962, 0.988, 0.99, 0.972, 0.978, 0.988, 0.998, 0.968, 0.982, 0.98, 0.988, 0.992, 0.998, 0.996, 0.986]
Early Fusion: [0.772, 0.902, 0.956, 0.966, 0.962, 0.972, 0.986, 0.974, 0.98, 0.996, 0.978, 0.984, 0.964, 0.984, 0.978, 0.962, 0.988, 0.992, 0.976, 0.976, 0.986, 0.994, 0.972, 0.984, 0.976, 0.992, 0.992, 0.994, 0.99, 0.988]
Late Fusion: [0.484, 0.522, 0.584, 0.584, 0.742, 0.872, 0.92, 0.952, 0.978, 0.992, 0.978, 0.982, 0.978, 0.994, 0.982, 0.962, 0.994, 0.992, 0.976, 0.984, 0.99, 1.0, 0.974, 0.99, 0.978, 1.0, 0.992, 1.0, 0.992, 0.986]
---

Losses:
Audio: [0.48352388209104535, 0.19638196421787144, 0.13891787268407643, 0.0915346354667563, 0.1419044185495004, 0.08502490285481326, 0.09116157067404129, 0.10343339737388306, 0.08375123925553635, 0.05127755888993852, 0.09237632691301405, 0.0843836716011283, 0.0845971983372001, 0.05694032936892472, 0.06876642494124827, 0.1305589924149681, 0.07719982800574507, 0.05538741311628837, 0.10435819105105475, 0.06991485757008195, 0.04437201599427499, 0.0152050567320548, 0.0898822388080298, 0.03240798820485361, 0.08817730857981951, 0.016567357918829656, 0.0367991632684425, 0.009323015059751924, 0.034459597334935095, 0.06077837390912464]
Video: [0.5486568806767463, 0.28554455723613503, 0.18349218109995127, 0.12925006571784617, 0.12099606652371585, 0.07930523059424013, 0.055067274431698024, 0.0938904536946211, 0.06092325501097366, 0.047232374585233626, 0.08879932106751949, 0.07220970982359723, 0.07247174169914797, 0.04144828526256606, 0.060020932377199646, 0.0831718499045819, 0.05179455610516016, 0.027213216463220304, 0.07669629601866472, 0.06010667467385065, 0.032769245342584324, 0.02108073565835366, 0.07874641335266643, 0.048033522721147165, 0.07426824130496243, 0.027237732929119376, 0.031321174489334226, 0.011986666065116879, 0.04072797904291656, 0.036509530929673926]
Early Fusion: [0.5427886936664581, 0.2710365507751703, 0.16745776343718172, 0.10398960622027516, 0.12054608350712806, 0.0757506761951372, 0.054302008313592526, 0.08022576813958585, 0.06120166310388595, 0.032020860419375824, 0.09261247103684582, 0.07583680654293858, 0.09887681723106652, 0.05206271899840795, 0.06447253169037867, 0.10454580611910205, 0.02931421608105302, 0.021068859911640175, 0.07312039729231037, 0.05338789120723959, 0.04619949268817436, 0.018486466005677358, 0.08471017822867725, 0.04930305963690625, 0.08889655083825346, 0.025741131728864275, 0.033377482718031384, 0.021364472570014188, 0.05077367015008349, 0.03618352384580066]
Late Fusion: [0.735701444864273, 0.7321111558675766, 0.718625956773758, 0.7020448162555695, 0.6685432443618774, 0.6466643400192261, 0.6350100661516189, 0.6307764110565186, 0.6194971987009048, 0.6116545279026031, 0.6135883996486664, 0.6109799808263778, 0.6018250988721847, 0.5943440721035004, 0.5890668063163758, 0.5864719585180282, 0.5702543991804123, 0.5535047916173935, 0.5533737233877182, 0.5410139269828796, 0.5340513497591018, 0.5225300480127335, 0.5306671721935272, 0.5192219423055648, 0.5231414779424667, 0.5129844642877579, 0.5125056591033935, 0.5083234324455261, 0.5122529308795929, 0.5133907806873321]

---
VALIDATION:

Accuracies:
Audio: [0.838, 0.754, 0.714, 0.67, 0.85, 0.664, 0.688, 0.754, 0.788, 0.704, 0.752, 0.736, 0.836, 0.792, 0.64, 0.604, 0.794, 0.828, 0.722, 0.83, 0.732, 0.83, 0.72, 0.858, 0.794, 0.768, 0.776, 0.81, 0.796, 0.776]
Video: [0.952, 0.966, 0.966, 0.938, 0.964, 0.958, 0.962, 0.958, 0.966, 0.95, 0.964, 0.938, 0.962, 0.954, 0.952, 0.948, 0.948, 0.952, 0.934, 0.952, 0.956, 0.952, 0.956, 0.954, 0.958, 0.944, 0.946, 0.956, 0.954, 0.942]
Early Fusion: [0.944, 0.966, 0.86, 0.886, 0.962, 0.762, 0.962, 0.974, 0.838, 0.964, 0.964, 0.704, 0.954, 0.92, 0.86, 0.688, 0.912, 0.918, 0.844, 0.964, 0.888, 0.962, 0.818, 0.944, 0.94, 0.964, 0.834, 0.958, 0.962, 0.93]
Late Fusion: [0.798, 0.552, 0.568, 0.76, 0.898, 0.856, 0.9, 0.934, 0.942, 0.932, 0.962, 0.908, 0.968, 0.938, 0.886, 0.86, 0.952, 0.962, 0.884, 0.97, 0.952, 0.95, 0.934, 0.962, 0.946, 0.942, 0.918, 0.958, 0.944, 0.932]
---

Losses:
Audio: [0.39791168451309206, 0.5944386926144362, 0.8555536302234977, 1.03978510966897, 0.361254013244994, 1.605339565154165, 0.8241729628061876, 0.5970608905395492, 0.5391686311899684, 0.8323714209463214, 0.6874121867831564, 0.8317535748332738, 0.4013773739626631, 0.6069205820262432, 1.3327168808728456, 1.5629832451781258, 0.5085288549162506, 0.45864062793785704, 0.8340699710771442, 0.36921356527507304, 0.7359970487288665, 0.5035599403942469, 0.7898805631488067, 0.3281691731940955, 0.6055822304203174, 0.6499772896588838, 0.7352683234112337, 0.5414952056780458, 0.5937832176173106, 0.55028113043122]
Video: [0.2821288749277592, 0.13496735788881778, 0.14334244284778833, 0.1891432869900018, 0.09409070901945234, 0.10620140700601041, 0.09093992842873558, 0.10024893136136234, 0.09419600093225017, 0.13561785783711822, 0.10005134141683811, 0.18090054219414015, 0.10972611874996802, 0.13029710033652372, 0.1408181288796477, 0.12922282192180864, 0.1402638114041183, 0.11439533148612827, 0.18939550394800972, 0.1169438553903019, 0.11454617206921103, 0.13128952288028087, 0.13277153070185158, 0.14707825395680266, 0.12719574546447257, 0.15278076639026403, 0.16053876307525206, 0.12975134360429366, 0.14444815619132714, 0.16351502065756357]
Early Fusion: [0.328969545841217, 0.22300318071246147, 0.3053027968928218, 0.258499594502151, 0.14973503617197276, 0.47155372533388434, 0.11622859871201217, 0.1082299982458353, 0.33091328712552787, 0.120498347570654, 0.12601201629347633, 0.75158861043863, 0.15942425423115492, 0.2042211029008031, 0.33777791761793197, 0.8122963655171916, 0.21888085603748914, 0.19903664239437785, 0.36941223953920416, 0.12750216282904148, 0.23851407329004723, 0.1219298216488678, 0.5479907037343655, 0.1583179335873574, 0.1653822330706753, 0.11704019345069537, 0.44187554307468235, 0.13668080768297658, 0.1291400505856145, 0.22127172717172652]
Late Fusion: [0.7250893439054489, 0.7279774206876755, 0.7294068400859832, 0.7136104731559754, 0.6708944368362427, 0.6858396314382553, 0.6631924995183944, 0.6498528989553451, 0.6370412710905075, 0.6505845203399658, 0.6286596583127976, 0.6442354539632797, 0.6090503586530686, 0.6157256430387497, 0.6276303201913833, 0.6157892048358917, 0.5843251116275787, 0.5653817650079728, 0.5763235450983047, 0.5515348967313767, 0.5482888567447662, 0.5413496552705764, 0.5480016828775406, 0.5370899015665054, 0.5375460851192474, 0.5427752394676209, 0.5485653079748154, 0.5352775981426239, 0.5374496546983719, 0.5488495606184006]
---