Models:
Audio: resnet18
Video: r2plus1d_18
Early Fusion: resnet18_r2plus1d_18

Parameters:
Batch Size: 7 & Learning Rate: 0.01

---
TRAIN:

Accuracies:
Audio: [0.7, 0.772, 0.838, 0.852, 0.902, 0.878, 0.9, 0.816, 0.82, 0.87, 0.902, 0.898, 0.892, 0.888, 0.94, 0.944, 0.94, 0.956, 0.98, 0.93, 0.944, 0.954, 0.976, 0.958, 0.952, 0.974, 0.968, 0.956, 0.982, 0.952]
Video: [0.842, 0.912, 0.954, 0.924, 0.948, 0.952, 0.964, 0.976, 0.956, 0.962, 0.984, 0.972, 0.96, 0.962, 0.992, 0.986, 0.98, 0.976, 0.982, 0.984, 0.998, 1.0, 0.998, 0.988, 0.97, 0.994, 0.996, 0.984, 0.998, 1.0]
Early Fusion: [0.822, 0.924, 0.976, 0.958, 0.958, 0.944, 0.966, 0.976, 0.966, 0.968, 0.976, 0.958, 0.97, 0.938, 0.992, 0.984, 0.988, 0.992, 0.982, 0.984, 0.984, 0.99, 0.998, 0.982, 0.982, 1.0, 0.984, 0.968, 0.982, 0.992]
Late Fusion: [0.5, 0.5, 0.5, 0.5, 0.5, 0.5, 0.5, 0.5, 0.5, 0.5, 0.5, 0.5, 0.5, 0.55, 0.686, 0.8, 0.912, 0.972, 0.984, 0.974, 0.99, 0.998, 1.0, 0.992, 0.972, 0.996, 0.99, 0.988, 0.998, 1.0]
---

Losses:
Audio: [0.7301044613942504, 0.6656661723703146, 0.48877730713412165, 0.40872602275013925, 0.2896976124311332, 0.35559700946137307, 0.315312580300495, 0.7592731759155867, 0.5926505746413022, 0.34009343800880015, 0.32325160859595053, 0.3056287033811677, 0.38653155071195217, 0.35437987121194603, 0.18735140250390395, 0.16424312049569562, 0.17554733090288938, 0.1806146619991632, 0.0544739576469874, 0.23123310803691857, 0.1748091162245837, 0.13014312886877452, 0.06663200803886866, 0.1266768048242011, 0.14598777050960052, 0.07488446113537066, 0.10133704818048864, 0.14936863610282308, 0.06106016315812303, 0.1727967239112104]
Video: [0.35025645554624496, 0.22008011843683198, 0.17411800210294315, 0.2449204565503751, 0.14083792216447183, 0.14433077102364042, 0.12069846943905577, 0.08107728065310221, 0.15747723893809598, 0.15881121656298638, 0.057552813841728494, 0.09371689821756445, 0.1269757338843774, 0.10931146528222598, 0.021559395583579315, 0.0501692232004134, 0.07863203353103017, 0.05564953888078162, 0.04981577325591934, 0.07966559752041939, 0.016110535098930994, 0.003668440948593343, 0.0038521990137091963, 0.0565510344587019, 0.0922720643282446, 0.016102936974137266, 0.016362673422089757, 0.059129560305044376, 0.005655141547071253, 0.0012879914944442135]
Early Fusion: [0.4311416029315442, 0.17792925829766318, 0.0939098342222278, 0.11580358887300826, 0.11361084530650988, 0.18924599403026512, 0.15647770812368253, 0.10176849176482938, 0.09615969780020532, 0.1279070216446562, 0.07555770511376249, 0.15172502841139796, 0.11115170512153418, 0.17203992548049427, 0.04018470694117423, 0.06272907629113979, 0.06397301430877997, 0.01677659346681321, 0.07108153842185493, 0.07296896353937336, 0.06519169652105575, 0.04989207300709677, 0.00934200675878013, 0.06493256778556224, 0.04712086172020736, 0.0025853068021965556, 0.052059097925384774, 0.11191656665099435, 0.039982970256543925, 0.03858176948344044]
Late Fusion: [0.709600170135498, 0.700064879655838, 0.693660573720932, 0.6926699517965317, 0.6867723790407181, 0.6804651131629944, 0.6694935278892518, 0.6602729376554489, 0.6532050271034241, 0.649325588464737, 0.6319812834262848, 0.6184311304092407, 0.6153301988840103, 0.611590940952301, 0.6014211951494217, 0.601761044383049, 0.6037288542985916, 0.6020763914585113, 0.6007293885946274, 0.6005154939889907, 0.5499757606983184, 0.5039057453870773, 0.5033633834123612, 0.5075694741010666, 0.5160642246007919, 0.5049018673896789, 0.5074013409614563, 0.5095842422246933, 0.5043567880392075, 0.5032999923229218]

---
VALIDATION:

Accuracies:
Audio: [0.792, 0.81, 0.56, 0.828, 0.618, 0.842, 0.56, 0.412, 0.874, 0.722, 0.508, 0.72, 0.552, 0.562, 0.666, 0.748, 0.814, 0.774, 0.768, 0.842, 0.492, 0.824, 0.75, 0.504, 0.77, 0.702, 0.686, 0.71, 0.78, 0.694]
Video: [0.938, 0.956, 0.95, 0.804, 0.866, 0.95, 0.936, 0.95, 0.822, 0.914, 0.76, 0.574, 0.918, 0.878, 0.852, 0.902, 0.938, 0.928, 0.922, 0.952, 0.942, 0.948, 0.944, 0.812, 0.918, 0.95, 0.926, 0.914, 0.894, 0.894]
Early Fusion: [0.93, 0.954, 0.76, 0.938, 0.846, 0.86, 0.832, 0.95, 0.698, 0.94, 0.762, 0.83, 0.874, 0.866, 0.808, 0.94, 0.834, 0.93, 0.934, 0.894, 0.876, 0.868, 0.918, 0.934, 0.854, 0.886, 0.926, 0.858, 0.794, 0.94]
Late Fusion: [0.5, 0.5, 0.5, 0.5, 0.5, 0.5, 0.5, 0.5, 0.5, 0.5, 0.5, 0.5, 0.5, 0.504, 0.554, 0.686, 0.912, 0.818, 0.838, 0.914, 0.942, 0.948, 0.954, 0.63, 0.92, 0.948, 0.9, 0.936, 0.912, 0.884]
---

Losses:
Audio: [0.5043357149139047, 0.6228869795501232, 1.1589198782444001, 0.5332554404567927, 3.0686527041278313, 0.37466908775269986, 1.9944474128969014, 1.395874481022358, 0.4603015625216067, 0.7110005786092952, 5.820349351704108, 1.303467526078457, 2.2648085419014095, 2.3561465060561897, 1.0839474834371359, 0.45598952761292455, 0.5839300756417215, 0.9550461397648323, 1.0636933367978783, 0.45557614003680647, 0.8570220147073269, 0.5937436303067952, 0.8232075533922761, 5.344601575016974, 1.1470580602743867, 1.2941114593446255, 2.036620303261727, 1.324963774971373, 1.053259919057742, 1.5627378728426993]
Video: [0.2083990332018584, 0.11738978708270588, 0.2055006048140349, 1.0074596324305167, 0.3526857953965664, 0.23651736415632604, 0.34667683230266266, 0.264188125440327, 0.5323131764377468, 0.22960562504641713, 1.0115513677232701, 1.8556969307810067, 0.251187874186784, 0.35493767366022805, 0.5521766479797662, 0.39656381470314955, 0.5262589167526012, 0.2871123601195286, 0.37551937259698753, 0.2810625128565589, 0.21748567114502657, 0.21352812690802966, 0.211197813480092, 0.6627565360991211, 0.28809334774101264, 0.320553747983482, 0.29177855940726294, 0.2515731062144696, 0.36099663009689537, 0.40473345339588196]
Early Fusion: [0.18822937127458864, 0.145840092091501, 0.6473765902715095, 0.17699684498956778, 0.3374594176793471, 0.4544984678304754, 0.5374176373417722, 0.2462369664426078, 1.0690101777650416, 0.22190539456601255, 1.1943967450779391, 0.5196780708518927, 0.3620279733750503, 0.3746042961385101, 0.6275318826789735, 0.2086931205367582, 0.5531188960665604, 0.228316531082899, 0.20106065387345734, 0.36710698738197267, 0.5227677888941835, 0.49238357047960746, 0.270892166096136, 0.2276795632752619, 0.4858993563118597, 0.414425026071347, 0.2567112097203499, 0.49448183579114263, 0.9008485988633843, 0.1744686230541338]
Late Fusion: [0.7040303770303726, 0.6933308399915695, 0.6955245763063431, 0.6956229161024093, 0.6933149806261063, 0.675478658914566, 0.6826959393024444, 0.6591719708442688, 0.6650419095754624, 0.6507018531560897, 0.6421696869134903, 0.6983710856437683, 0.6569587090015412, 0.6468720889091492, 0.6416968196630478, 0.6219699205160141, 0.6110363084077836, 0.6199650006294251, 0.6223353947401047, 0.610810205578804, 0.5352001184225083, 0.5287348567247391, 0.527833564043045, 0.6813403658866882, 0.5409541664123535, 0.5286946165561676, 0.5524763239622116, 0.5356887525320053, 0.5455534160137177, 0.5600820125341416]
---