Models:
Audio: resnet34
Video: mc3_18
Early Fusion: resnet34_mc3_18

Parameters:
Batch Size: 7 & Learning Rate: 0.01

---
TRAIN:

Accuracies:
Audio: [0.742, 0.814, 0.772, 0.814, 0.806, 0.878, 0.886, 0.888, 0.916, 0.902, 0.902, 0.94, 0.928, 0.96, 0.94, 0.942, 0.966, 0.96, 0.956, 0.952, 0.98, 0.978, 0.982, 0.974, 0.958, 0.948, 0.96, 0.99, 0.992, 0.992]
Video: [0.85, 0.93, 0.952, 0.946, 0.962, 0.974, 0.944, 0.976, 0.958, 0.962, 0.994, 0.996, 0.998, 0.99, 0.998, 0.994, 0.998, 0.998, 0.978, 0.962, 0.992, 0.974, 0.996, 0.992, 0.99, 0.986, 0.974, 0.996, 0.99, 1.0]
Early Fusion: [0.802, 0.93, 0.924, 0.924, 0.95, 0.984, 0.956, 0.964, 0.952, 0.96, 0.99, 0.994, 0.994, 0.982, 0.992, 0.986, 0.99, 0.984, 0.952, 0.978, 1.0, 0.972, 0.994, 0.978, 0.98, 0.982, 0.974, 0.992, 0.982, 0.986]
Late Fusion: [0.804, 0.942, 0.954, 0.942, 0.964, 0.974, 0.952, 0.976, 0.962, 0.972, 0.996, 0.996, 0.998, 0.99, 0.998, 0.99, 0.998, 0.996, 0.98, 0.974, 0.996, 0.986, 1.0, 0.994, 0.992, 0.99, 0.976, 0.998, 0.992, 1.0]
---

Losses:
Audio: [0.6732068590372801, 0.5542240012921393, 0.7248795947134494, 0.5095549407936633, 0.5119516385607421, 0.33680312540242446, 0.3278747919190209, 0.31203740240144545, 0.2422785021821037, 0.3006760271601379, 0.2760521364733577, 0.1890223194975406, 0.1846735466234386, 0.12569671744806693, 0.1388728566947393, 0.15025702526816168, 0.11229820909583942, 0.1315226424264838, 0.15208676225179807, 0.16937536982499296, 0.050842638122616336, 0.085641098237189, 0.049251886278972964, 0.0707693405306054, 0.10903199532172585, 0.15860239275277127, 0.11635019667097367, 0.031071958341693972, 0.035779835169465514, 0.01878104141001677]
Video: [0.3077316037081182, 0.19247831932554255, 0.14225373489386403, 0.18064889455918456, 0.11682294271246065, 0.06608997918998648, 0.17619520457950422, 0.0760789579662669, 0.13260666761094034, 0.11978378054677159, 0.02227085074048955, 0.015485477277921746, 0.013191386633963702, 0.03091827267710323, 0.030289440729513444, 0.02828860097177676, 0.012432828844583127, 0.007657280980903124, 0.07300252101516344, 0.11232770430782693, 0.03219961390396202, 0.08323139185475883, 0.010688077566645006, 0.030550076496934708, 0.04771149630231957, 0.059645734707575684, 0.10221537159862056, 0.02006454910632601, 0.05325575833039329, 0.00517958326486405]
Early Fusion: [0.40579529697448014, 0.17213650863431393, 0.25077833059662225, 0.26360085922828874, 0.20258621825126466, 0.04914814167527948, 0.11988503726908675, 0.08896432691525842, 0.20203720544933457, 0.1303037827196531, 0.037967259345547066, 0.012194677930594481, 0.01740366768100648, 0.054920573786643216, 0.03517580823702883, 0.07631491183053914, 0.030269810225323455, 0.06315950219491061, 0.18332305397637175, 0.09799961029434053, 0.0057034712067124925, 0.0905049790745652, 0.023411722440023368, 0.05657579444701332, 0.05982491783335717, 0.06925051781667525, 0.08382405112194828, 0.02736698946368597, 0.064408771240418, 0.027188370935855802]
Late Fusion: [0.6772032532691955, 0.5636862107515335, 0.5374205409288406, 0.5334843726158142, 0.5269981244802475, 0.5160020145177842, 0.5290335773229599, 0.5154861327409744, 0.5220764977931976, 0.5199368922710419, 0.5061324447393417, 0.5056361417770385, 0.5052654048204422, 0.5078516910076142, 0.5044115800857544, 0.5075851242542266, 0.5043486065864563, 0.5052953689098358, 0.5136164129972458, 0.5170277230739594, 0.5057478585243225, 0.5114249714612961, 0.5036362264156341, 0.5068444027900696, 0.5077976890802384, 0.5091680309772492, 0.5151386415958404, 0.504513246178627, 0.5075928182601929, 0.5032948276996613]

---
VALIDATION:

Accuracies:
Audio: [0.468, 0.738, 0.904, 0.924, 0.862, 0.7, 0.754, 0.714, 0.786, 0.81, 0.662, 0.638, 0.794, 0.608, 0.798, 0.786, 0.82, 0.866, 0.7, 0.87, 0.75, 0.602, 0.796, 0.55, 0.692, 0.832, 0.73, 0.684, 0.806, 0.744]
Video: [0.718, 0.942, 0.958, 0.956, 0.926, 0.956, 0.918, 0.964, 0.88, 0.952, 0.918, 0.638, 0.942, 0.898, 0.822, 0.928, 0.942, 0.942, 0.934, 0.87, 0.846, 0.946, 0.934, 0.902, 0.658, 0.952, 0.944, 0.954, 0.91, 0.952]
Early Fusion: [0.766, 0.96, 0.762, 0.918, 0.97, 0.904, 0.94, 0.904, 0.88, 0.96, 0.904, 0.898, 0.868, 0.902, 0.912, 0.95, 0.944, 0.952, 0.898, 0.934, 0.924, 0.922, 0.926, 0.892, 0.708, 0.944, 0.888, 0.938, 0.854, 0.926]
Late Fusion: [0.69, 0.954, 0.962, 0.962, 0.954, 0.956, 0.926, 0.966, 0.898, 0.932, 0.918, 0.654, 0.948, 0.884, 0.882, 0.93, 0.958, 0.956, 0.924, 0.904, 0.862, 0.9, 0.94, 0.826, 0.698, 0.96, 0.96, 0.948, 0.894, 0.916]
---

Losses:
Audio: [2.3131348940730097, 0.7572863571317866, 0.25891616474092005, 0.2894717225283384, 0.3369223040938377, 0.7822218977641314, 0.7286944168643095, 1.0033949835263192, 0.5996426862664521, 1.5634892778582872, 1.0460378590512556, 2.857293052248657, 0.5361077693188563, 1.549332965835929, 0.8576810582783073, 1.2294157787542208, 0.5334181732754223, 0.35278354326821865, 1.7929397345837206, 0.3549902763552964, 1.0016571201859041, 1.8761945804953575, 0.8676933538532176, 3.500924364503755, 2.30432760065794, 0.5732476755296811, 0.6541238707900048, 1.1667435846588923, 1.149174616727978, 2.1931579633559752]
Video: [1.6578699883013033, 0.242370897052926, 0.29001771731770803, 0.1762136196155334, 0.18481165603051342, 0.21404968929078313, 0.23056636292347685, 0.7306741539978174, 0.27980739549780265, 0.212689929835964, 0.24115643753943733, 1.2228900447455036, 0.2641537813409814, 0.3318431145047653, 0.6167756447927677, 0.23902214508825204, 0.16566057491298125, 0.1713248188213038, 0.4144484425760056, 0.5046690030299942, 0.47836135502246907, 0.31064023248359446, 0.2444818479913265, 0.40210555496267625, 1.9046353736454622, 0.17136211180422106, 0.23454909940157084, 0.13540312788336814, 0.2922565780973491, 0.1701538931516261]
Early Fusion: [0.5140849775671958, 0.15172672322607103, 0.7403161300272332, 0.2664254612389486, 0.13617245704540984, 0.29055986049041166, 0.23921805599240906, 0.28889651839621366, 0.3430544453173352, 0.1247833639383316, 0.2994875302744622, 0.26289744787487873, 0.4251531439939354, 0.3851241875798441, 0.2618293251524592, 0.2456544723227289, 0.32155289181087027, 0.22612131657680162, 0.49292684728598307, 0.22652066590668982, 0.26677075763288305, 0.5421958042119868, 0.33560690725414316, 0.41013118133701526, 1.1529558886941522, 0.28075851682230857, 0.3682777774001006, 0.2548796779942204, 0.53722652381649, 0.3036818793917901]
Late Fusion: [0.663244523525238, 0.5360489585399628, 0.5237365571260453, 0.5224049209356308, 0.5302472914457321, 0.5261339145898819, 0.5468006633520126, 0.5200703687667847, 0.5563084293603897, 0.5369202436208725, 0.547491668343544, 0.6741591736078262, 0.5308182643651962, 0.5629562778472901, 0.5604724321365356, 0.5397968833446503, 0.5245037196874619, 0.5259903460741043, 0.5411612713336944, 0.5508654934167861, 0.5736236112117767, 0.5611700278520584, 0.5348118546009064, 0.5921383055448532, 0.6564671747684478, 0.5239583613872528, 0.5274933887720108, 0.5312214955091477, 0.5595219440460205, 0.5507567312717437]
---